9.803005456924438477e-01 1.000000000000000000e+00
5.519413948059082031e-01 0.000000000000000000e+00
6.122113466262817383e-01 0.000000000000000000e+00
8.454405665397644043e-01 1.000000000000000000e+00
9.907858967781066895e-01 0.000000000000000000e+00
7.449735999107360840e-01 0.000000000000000000e+00
6.856930851936340332e-01 0.000000000000000000e+00
7.795639038085937500e-01 0.000000000000000000e+00
9.714682698249816895e-01 1.000000000000000000e+00
5.901758074760437012e-01 0.000000000000000000e+00
5.952554941177368164e-01 0.000000000000000000e+00
9.825419783592224121e-01 1.000000000000000000e+00
9.747869372367858887e-01 0.000000000000000000e+00
6.106996536254882812e-01 0.000000000000000000e+00
5.766181945800781250e-01 0.000000000000000000e+00
9.617615342140197754e-01 1.000000000000000000e+00
6.472542285919189453e-01 0.000000000000000000e+00
6.556837558746337891e-01 0.000000000000000000e+00
5.896365046501159668e-01 0.000000000000000000e+00
9.844459891319274902e-01 1.000000000000000000e+00
5.584545135498046875e-01 0.000000000000000000e+00
6.728070974349975586e-01 1.000000000000000000e+00
7.409952878952026367e-01 0.000000000000000000e+00
7.293955683708190918e-01 0.000000000000000000e+00
6.346977949142456055e-01 0.000000000000000000e+00
8.807504177093505859e-01 0.000000000000000000e+00
7.847443819046020508e-01 0.000000000000000000e+00
6.037302017211914062e-01 0.000000000000000000e+00
6.846604347229003906e-01 1.000000000000000000e+00
6.316580772399902344e-01 0.000000000000000000e+00
7.978740930557250977e-01 1.000000000000000000e+00
7.274700403213500977e-01 0.000000000000000000e+00
7.258779406547546387e-01 1.000000000000000000e+00
5.637354850769042969e-01 0.000000000000000000e+00
8.144819140434265137e-01 1.000000000000000000e+00
9.718371629714965820e-01 1.000000000000000000e+00
6.717131137847900391e-01 0.000000000000000000e+00
9.229416251182556152e-01 1.000000000000000000e+00
9.664423465728759766e-01 1.000000000000000000e+00
6.526553630828857422e-01 0.000000000000000000e+00
6.455712318420410156e-01 0.000000000000000000e+00
5.999144911766052246e-01 0.000000000000000000e+00
5.565717816352844238e-01 0.000000000000000000e+00
5.723234415054321289e-01 0.000000000000000000e+00
6.812285780906677246e-01 0.000000000000000000e+00
6.497323513031005859e-01 0.000000000000000000e+00
6.883670091629028320e-01 0.000000000000000000e+00
6.565297842025756836e-01 0.000000000000000000e+00
5.571824312210083008e-01 0.000000000000000000e+00
9.392123222351074219e-01 0.000000000000000000e+00
5.466952919960021973e-01 0.000000000000000000e+00
7.033640742301940918e-01 0.000000000000000000e+00
5.229907035827636719e-01 0.000000000000000000e+00
5.499379634857177734e-01 0.000000000000000000e+00
5.977998375892639160e-01 0.000000000000000000e+00
7.188776731491088867e-01 0.000000000000000000e+00
9.842496514320373535e-01 0.000000000000000000e+00
6.988459825515747070e-01 0.000000000000000000e+00
5.686402916908264160e-01 0.000000000000000000e+00
6.383324861526489258e-01 0.000000000000000000e+00
8.924449682235717773e-01 0.000000000000000000e+00
5.461132526397705078e-01 0.000000000000000000e+00
8.634454011917114258e-01 0.000000000000000000e+00
9.243274927139282227e-01 0.000000000000000000e+00
6.663964986801147461e-01 0.000000000000000000e+00
6.340813636779785156e-01 0.000000000000000000e+00
9.311900138854980469e-01 1.000000000000000000e+00
5.824944972991943359e-01 0.000000000000000000e+00
6.423156261444091797e-01 0.000000000000000000e+00
5.233347415924072266e-01 0.000000000000000000e+00
9.749438166618347168e-01 1.000000000000000000e+00
6.367243528366088867e-01 1.000000000000000000e+00
6.721783876419067383e-01 0.000000000000000000e+00
9.109541177749633789e-01 0.000000000000000000e+00
5.860984325408935547e-01 1.000000000000000000e+00
9.673991203308105469e-01 0.000000000000000000e+00
6.807803511619567871e-01 0.000000000000000000e+00
6.524678468704223633e-01 0.000000000000000000e+00
6.610660552978515625e-01 0.000000000000000000e+00
6.381557583808898926e-01 0.000000000000000000e+00
7.008773684501647949e-01 0.000000000000000000e+00
8.653612732887268066e-01 0.000000000000000000e+00
6.591703891754150391e-01 0.000000000000000000e+00
6.273177862167358398e-01 0.000000000000000000e+00
5.804603099822998047e-01 0.000000000000000000e+00
7.509824037551879883e-01 1.000000000000000000e+00
9.165123701095581055e-01 1.000000000000000000e+00
8.127493858337402344e-01 0.000000000000000000e+00
6.997652649879455566e-01 0.000000000000000000e+00
6.935154795646667480e-01 1.000000000000000000e+00
8.769024610519409180e-01 0.000000000000000000e+00
8.020501136779785156e-01 0.000000000000000000e+00
5.225834250450134277e-01 0.000000000000000000e+00
6.273244023323059082e-01 1.000000000000000000e+00
5.658551454544067383e-01 0.000000000000000000e+00
5.913637876510620117e-01 0.000000000000000000e+00
5.544174909591674805e-01 0.000000000000000000e+00
5.851263999938964844e-01 0.000000000000000000e+00
6.044057607650756836e-01 0.000000000000000000e+00
5.638979673385620117e-01 0.000000000000000000e+00
6.527891159057617188e-01 0.000000000000000000e+00
7.126475572586059570e-01 1.000000000000000000e+00
8.022141456604003906e-01 0.000000000000000000e+00
6.626124382019042969e-01 0.000000000000000000e+00
5.596960783004760742e-01 0.000000000000000000e+00
8.099465966224670410e-01 1.000000000000000000e+00
8.998954296112060547e-01 1.000000000000000000e+00
6.528862714767456055e-01 0.000000000000000000e+00
8.676539659500122070e-01 0.000000000000000000e+00
6.714994907379150391e-01 0.000000000000000000e+00
5.426034927368164062e-01 0.000000000000000000e+00
5.174601674079895020e-01 0.000000000000000000e+00
5.899889469146728516e-01 0.000000000000000000e+00
9.357238411903381348e-01 0.000000000000000000e+00
6.054146289825439453e-01 0.000000000000000000e+00
9.824517965316772461e-01 1.000000000000000000e+00
6.520156860351562500e-01 0.000000000000000000e+00
5.903742313385009766e-01 0.000000000000000000e+00
6.051417589187622070e-01 0.000000000000000000e+00
6.021419763565063477e-01 0.000000000000000000e+00
6.296253204345703125e-01 1.000000000000000000e+00
7.147885560989379883e-01 1.000000000000000000e+00
7.888590097427368164e-01 1.000000000000000000e+00
5.922389030456542969e-01 0.000000000000000000e+00
6.193110346794128418e-01 0.000000000000000000e+00
9.407358765602111816e-01 1.000000000000000000e+00
6.638892889022827148e-01 0.000000000000000000e+00
5.163710117340087891e-01 0.000000000000000000e+00
7.184922695159912109e-01 0.000000000000000000e+00
4.329887628555297852e-01 0.000000000000000000e+00
6.897611618041992188e-01 0.000000000000000000e+00
8.693045377731323242e-01 1.000000000000000000e+00
6.427934169769287109e-01 0.000000000000000000e+00
6.537280678749084473e-01 0.000000000000000000e+00
8.120366930961608887e-01 1.000000000000000000e+00
5.798142552375793457e-01 0.000000000000000000e+00
6.212712526321411133e-01 0.000000000000000000e+00
7.111480236053466797e-01 0.000000000000000000e+00
5.923953056335449219e-01 0.000000000000000000e+00
8.815592527389526367e-01 0.000000000000000000e+00
7.459924221038818359e-01 0.000000000000000000e+00
9.454991221427917480e-01 1.000000000000000000e+00
6.548286080360412598e-01 0.000000000000000000e+00
9.802793860435485840e-01 1.000000000000000000e+00
6.464998126029968262e-01 0.000000000000000000e+00
5.975643396377563477e-01 0.000000000000000000e+00
5.903248786926269531e-01 0.000000000000000000e+00
5.702462196350097656e-01 0.000000000000000000e+00
8.567800521850585938e-01 0.000000000000000000e+00
6.548658609390258789e-01 0.000000000000000000e+00
6.402629613876342773e-01 0.000000000000000000e+00
7.868268489837646484e-01 0.000000000000000000e+00
6.339231729507446289e-01 0.000000000000000000e+00
7.754558324813842773e-01 0.000000000000000000e+00
7.192002534866333008e-01 0.000000000000000000e+00
5.043171644210815430e-01 0.000000000000000000e+00
9.570536017417907715e-01 0.000000000000000000e+00
5.920147299766540527e-01 0.000000000000000000e+00
9.161027073860168457e-01 0.000000000000000000e+00
9.562574625015258789e-01 0.000000000000000000e+00
8.466676473617553711e-01 1.000000000000000000e+00
8.846579194068908691e-01 0.000000000000000000e+00
9.882335662841796875e-01 1.000000000000000000e+00
6.494126319885253906e-01 0.000000000000000000e+00
7.186337709426879883e-01 0.000000000000000000e+00
6.218305826187133789e-01 0.000000000000000000e+00
6.472220420837402344e-01 0.000000000000000000e+00
6.950889825820922852e-01 0.000000000000000000e+00
6.881014108657836914e-01 0.000000000000000000e+00
8.161516785621643066e-01 0.000000000000000000e+00
6.054354310035705566e-01 0.000000000000000000e+00
5.702943801879882812e-01 0.000000000000000000e+00
6.734012365341186523e-01 0.000000000000000000e+00
7.558194398880004883e-01 0.000000000000000000e+00
5.334039926528930664e-01 0.000000000000000000e+00
7.607815861701965332e-01 0.000000000000000000e+00
8.225405216217041016e-01 0.000000000000000000e+00
6.050348877906799316e-01 0.000000000000000000e+00
9.905781745910644531e-01 1.000000000000000000e+00
6.567074656486511230e-01 0.000000000000000000e+00
8.454596996307373047e-01 0.000000000000000000e+00
9.112691283226013184e-01 0.000000000000000000e+00
6.386146545410156250e-01 0.000000000000000000e+00
6.910957694053649902e-01 0.000000000000000000e+00
6.537293791770935059e-01 1.000000000000000000e+00
4.327663183212280273e-01 0.000000000000000000e+00
9.122099876403808594e-01 0.000000000000000000e+00
6.919194459915161133e-01 0.000000000000000000e+00
7.481030821800231934e-01 0.000000000000000000e+00
7.240252494812011719e-01 0.000000000000000000e+00
7.202854752540588379e-01 0.000000000000000000e+00
5.287541151046752930e-01 0.000000000000000000e+00
6.438218355178833008e-01 1.000000000000000000e+00
6.467626094818115234e-01 0.000000000000000000e+00
9.195490479469299316e-01 1.000000000000000000e+00
6.900134682655334473e-01 0.000000000000000000e+00
6.229111552238464355e-01 0.000000000000000000e+00
7.253814935684204102e-01 0.000000000000000000e+00
6.338070034980773926e-01 0.000000000000000000e+00
6.842699646949768066e-01 0.000000000000000000e+00
6.905783414840698242e-01 0.000000000000000000e+00
9.487756490707397461e-01 1.000000000000000000e+00
6.755666732788085938e-01 0.000000000000000000e+00
5.724260210990905762e-01 0.000000000000000000e+00
9.560614824295043945e-01 1.000000000000000000e+00
6.307431459426879883e-01 0.000000000000000000e+00
9.265663027763366699e-01 1.000000000000000000e+00
6.341249942779541016e-01 0.000000000000000000e+00
4.975923895835876465e-01 0.000000000000000000e+00
5.918954014778137207e-01 0.000000000000000000e+00
5.889853239059448242e-01 0.000000000000000000e+00
6.071206331253051758e-01 0.000000000000000000e+00
7.766383886337280273e-01 0.000000000000000000e+00
8.021653890609741211e-01 1.000000000000000000e+00
6.402641534805297852e-01 0.000000000000000000e+00
9.111839532852172852e-01 0.000000000000000000e+00
6.507222652435302734e-01 0.000000000000000000e+00
9.489646553993225098e-01 0.000000000000000000e+00
7.387517094612121582e-01 0.000000000000000000e+00
9.424786567687988281e-01 0.000000000000000000e+00
5.403058528900146484e-01 0.000000000000000000e+00
6.784132719039916992e-01 0.000000000000000000e+00
5.812936425209045410e-01 0.000000000000000000e+00
8.801881074905395508e-01 0.000000000000000000e+00
9.569039940834045410e-01 1.000000000000000000e+00
8.074190616607666016e-01 0.000000000000000000e+00
5.591428875923156738e-01 0.000000000000000000e+00
6.050201654434204102e-01 0.000000000000000000e+00
7.599959969520568848e-01 1.000000000000000000e+00
5.922501087188720703e-01 0.000000000000000000e+00
9.370059370994567871e-01 1.000000000000000000e+00
5.408760905265808105e-01 0.000000000000000000e+00
7.229723930358886719e-01 0.000000000000000000e+00
9.024466872215270996e-01 0.000000000000000000e+00
6.756491065025329590e-01 0.000000000000000000e+00
6.967728137969970703e-01 1.000000000000000000e+00
7.306994199752807617e-01 0.000000000000000000e+00
7.783230543136596680e-01 1.000000000000000000e+00
6.082254648208618164e-01 0.000000000000000000e+00
6.409323811531066895e-01 0.000000000000000000e+00
7.653082609176635742e-01 0.000000000000000000e+00
6.029885411262512207e-01 0.000000000000000000e+00
7.020576000213623047e-01 0.000000000000000000e+00
6.654409766197204590e-01 0.000000000000000000e+00
6.950615048408508301e-01 0.000000000000000000e+00
8.841152191162109375e-01 0.000000000000000000e+00
6.242818236351013184e-01 0.000000000000000000e+00
6.547404527664184570e-01 0.000000000000000000e+00
7.908959984779357910e-01 0.000000000000000000e+00
8.398761749267578125e-01 0.000000000000000000e+00
5.694925189018249512e-01 0.000000000000000000e+00
9.465267062187194824e-01 1.000000000000000000e+00
5.736929178237915039e-01 0.000000000000000000e+00
5.521506071090698242e-01 0.000000000000000000e+00
9.776502847671508789e-01 0.000000000000000000e+00
6.469987630844116211e-01 0.000000000000000000e+00
7.418696880340576172e-01 0.000000000000000000e+00
7.279502153396606445e-01 1.000000000000000000e+00
8.645887374877929688e-01 0.000000000000000000e+00
7.042009830474853516e-01 0.000000000000000000e+00
7.124898433685302734e-01 1.000000000000000000e+00
5.828614234924316406e-01 0.000000000000000000e+00
9.681521654129028320e-01 1.000000000000000000e+00
8.892649412155151367e-01 0.000000000000000000e+00
7.187125682830810547e-01 0.000000000000000000e+00
5.332336425781250000e-01 0.000000000000000000e+00
5.456790924072265625e-01 0.000000000000000000e+00
6.608084440231323242e-01 0.000000000000000000e+00
5.666825771331787109e-01 0.000000000000000000e+00
9.046153426170349121e-01 1.000000000000000000e+00
9.703366160392761230e-01 1.000000000000000000e+00
8.448925018310546875e-01 0.000000000000000000e+00
7.859761714935302734e-01 0.000000000000000000e+00
5.983735322952270508e-01 0.000000000000000000e+00
6.339827775955200195e-01 0.000000000000000000e+00
6.034293174743652344e-01 0.000000000000000000e+00
9.494065642356872559e-01 1.000000000000000000e+00
8.978295922279357910e-01 1.000000000000000000e+00
7.638394236564636230e-01 0.000000000000000000e+00
9.547687172889709473e-01 1.000000000000000000e+00
7.369743585586547852e-01 0.000000000000000000e+00
5.240947008132934570e-01 0.000000000000000000e+00
9.337016940116882324e-01 1.000000000000000000e+00
7.608487606048583984e-01 1.000000000000000000e+00
6.753224730491638184e-01 0.000000000000000000e+00
9.719431996345520020e-01 1.000000000000000000e+00
8.367983102798461914e-01 0.000000000000000000e+00
6.391223073005676270e-01 0.000000000000000000e+00
6.699612736701965332e-01 0.000000000000000000e+00
7.224538326263427734e-01 1.000000000000000000e+00
6.174975633621215820e-01 0.000000000000000000e+00
9.847179651260375977e-01 1.000000000000000000e+00
6.515368819236755371e-01 0.000000000000000000e+00
9.778534173965454102e-01 0.000000000000000000e+00
7.030447721481323242e-01 0.000000000000000000e+00
5.795627832412719727e-01 0.000000000000000000e+00
6.120561957359313965e-01 0.000000000000000000e+00
7.843041419982910156e-01 0.000000000000000000e+00
6.737095117568969727e-01 0.000000000000000000e+00
6.633795499801635742e-01 0.000000000000000000e+00
5.312378406524658203e-01 0.000000000000000000e+00
6.568072438240051270e-01 1.000000000000000000e+00
6.369104385375976562e-01 0.000000000000000000e+00
6.409608721733093262e-01 0.000000000000000000e+00
7.697024941444396973e-01 1.000000000000000000e+00
8.764212131500244141e-01 0.000000000000000000e+00
6.594364643096923828e-01 0.000000000000000000e+00
6.682506203651428223e-01 0.000000000000000000e+00
7.515341043472290039e-01 0.000000000000000000e+00
5.974918007850646973e-01 0.000000000000000000e+00
6.021298170089721680e-01 0.000000000000000000e+00
5.855619907379150391e-01 0.000000000000000000e+00
9.880557656288146973e-01 1.000000000000000000e+00
5.467568039894104004e-01 0.000000000000000000e+00
6.642863750457763672e-01 0.000000000000000000e+00
9.540008902549743652e-01 0.000000000000000000e+00
7.235732078552246094e-01 0.000000000000000000e+00
5.958960056304931641e-01 0.000000000000000000e+00
6.398050785064697266e-01 0.000000000000000000e+00
6.165016293525695801e-01 0.000000000000000000e+00
5.573447942733764648e-01 0.000000000000000000e+00
5.403187274932861328e-01 0.000000000000000000e+00
7.896478176116943359e-01 0.000000000000000000e+00
6.250042915344238281e-01 0.000000000000000000e+00
8.102554082870483398e-01 0.000000000000000000e+00
6.730867028236389160e-01 1.000000000000000000e+00
8.707203269004821777e-01 0.000000000000000000e+00
6.699948310852050781e-01 0.000000000000000000e+00
8.009448647499084473e-01 0.000000000000000000e+00
5.297715067863464355e-01 0.000000000000000000e+00
7.430640459060668945e-01 1.000000000000000000e+00
8.954752087593078613e-01 0.000000000000000000e+00
6.494848728179931641e-01 0.000000000000000000e+00
6.688165664672851562e-01 0.000000000000000000e+00
7.792376279830932617e-01 0.000000000000000000e+00
6.739701032638549805e-01 0.000000000000000000e+00
9.276807308197021484e-01 1.000000000000000000e+00
6.825018525123596191e-01 1.000000000000000000e+00
7.526050806045532227e-01 1.000000000000000000e+00
7.282626628875732422e-01 0.000000000000000000e+00
5.907702445983886719e-01 0.000000000000000000e+00
6.276445984840393066e-01 0.000000000000000000e+00
9.650420546531677246e-01 1.000000000000000000e+00
5.894839763641357422e-01 0.000000000000000000e+00
8.022630810737609863e-01 0.000000000000000000e+00
7.051056623458862305e-01 0.000000000000000000e+00
8.413605690002441406e-01 1.000000000000000000e+00
6.208218932151794434e-01 0.000000000000000000e+00
5.933778285980224609e-01 0.000000000000000000e+00
8.634974956512451172e-01 0.000000000000000000e+00
7.236211895942687988e-01 1.000000000000000000e+00
8.487961292266845703e-01 1.000000000000000000e+00
7.285817861557006836e-01 0.000000000000000000e+00
6.360818147659301758e-01 0.000000000000000000e+00
5.689075589179992676e-01 0.000000000000000000e+00
8.910530209541320801e-01 1.000000000000000000e+00
9.464444518089294434e-01 0.000000000000000000e+00
6.772541999816894531e-01 0.000000000000000000e+00
6.378535032272338867e-01 0.000000000000000000e+00
6.827783584594726562e-01 0.000000000000000000e+00
9.491354227066040039e-01 1.000000000000000000e+00
6.659845113754272461e-01 0.000000000000000000e+00
6.362383365631103516e-01 0.000000000000000000e+00
6.207315921783447266e-01 0.000000000000000000e+00
4.032810926437377930e-01 0.000000000000000000e+00
7.652738690376281738e-01 0.000000000000000000e+00
5.702373981475830078e-01 0.000000000000000000e+00
9.589061141014099121e-01 1.000000000000000000e+00
8.665666580200195312e-01 0.000000000000000000e+00
9.348402619361877441e-01 1.000000000000000000e+00
6.577317714691162109e-01 0.000000000000000000e+00
9.906102418899536133e-01 1.000000000000000000e+00
6.931481361389160156e-01 0.000000000000000000e+00
9.537560939788818359e-01 0.000000000000000000e+00
7.262293100357055664e-01 0.000000000000000000e+00
7.167053818702697754e-01 0.000000000000000000e+00
6.100555658340454102e-01 0.000000000000000000e+00
6.228610873222351074e-01 0.000000000000000000e+00
7.629410028457641602e-01 0.000000000000000000e+00
6.521123647689819336e-01 0.000000000000000000e+00
6.894915699958801270e-01 0.000000000000000000e+00
9.064396619796752930e-01 1.000000000000000000e+00
7.229232192039489746e-01 0.000000000000000000e+00
6.251887083053588867e-01 0.000000000000000000e+00
8.779451251029968262e-01 1.000000000000000000e+00
6.686924099922180176e-01 0.000000000000000000e+00
8.716781139373779297e-01 0.000000000000000000e+00
6.707965135574340820e-01 0.000000000000000000e+00
7.362124919891357422e-01 0.000000000000000000e+00
5.859944224357604980e-01 0.000000000000000000e+00
9.924145340919494629e-01 0.000000000000000000e+00
5.725375413894653320e-01 1.000000000000000000e+00
5.902596712112426758e-01 0.000000000000000000e+00
6.220058202743530273e-01 0.000000000000000000e+00
6.311284899711608887e-01 0.000000000000000000e+00
5.711796283721923828e-01 0.000000000000000000e+00
8.329955935478210449e-01 0.000000000000000000e+00
8.061054348945617676e-01 1.000000000000000000e+00
5.763161182403564453e-01 0.000000000000000000e+00
7.791443467140197754e-01 0.000000000000000000e+00
9.883893132209777832e-01 1.000000000000000000e+00
6.242520213127136230e-01 0.000000000000000000e+00
9.873265624046325684e-01 1.000000000000000000e+00
6.738392114639282227e-01 0.000000000000000000e+00
9.526610374450683594e-01 0.000000000000000000e+00
5.837181210517883301e-01 0.000000000000000000e+00
9.880220890045166016e-01 1.000000000000000000e+00
7.592562437057495117e-01 0.000000000000000000e+00
6.993265151977539062e-01 1.000000000000000000e+00
6.118002533912658691e-01 0.000000000000000000e+00
9.074847102165222168e-01 1.000000000000000000e+00
5.980812311172485352e-01 0.000000000000000000e+00
6.903815269470214844e-01 0.000000000000000000e+00
9.873752593994140625e-01 1.000000000000000000e+00
7.245412468910217285e-01 0.000000000000000000e+00
6.155800223350524902e-01 0.000000000000000000e+00
6.903640031814575195e-01 1.000000000000000000e+00
7.280330657958984375e-01 0.000000000000000000e+00
9.486793279647827148e-01 1.000000000000000000e+00
6.245121955871582031e-01 0.000000000000000000e+00
7.198824882507324219e-01 1.000000000000000000e+00
9.665929079055786133e-01 0.000000000000000000e+00
9.441019892692565918e-01 1.000000000000000000e+00
5.832407474517822266e-01 0.000000000000000000e+00
5.712593793869018555e-01 0.000000000000000000e+00
5.580129623413085938e-01 0.000000000000000000e+00
7.903503775596618652e-01 0.000000000000000000e+00
9.284590482711791992e-01 0.000000000000000000e+00
6.241753697395324707e-01 0.000000000000000000e+00
6.858811974525451660e-01 0.000000000000000000e+00
9.304137825965881348e-01 1.000000000000000000e+00
6.983011960983276367e-01 1.000000000000000000e+00
6.735218763351440430e-01 0.000000000000000000e+00
5.492793321609497070e-01 0.000000000000000000e+00
9.467750191688537598e-01 1.000000000000000000e+00
9.467048645019531250e-01 0.000000000000000000e+00
6.894171237945556641e-01 1.000000000000000000e+00
5.383553504943847656e-01 0.000000000000000000e+00
5.240263938903808594e-01 0.000000000000000000e+00
9.213397502899169922e-01 1.000000000000000000e+00
6.595830917358398438e-01 0.000000000000000000e+00
6.568235158920288086e-01 0.000000000000000000e+00
5.743470191955566406e-01 0.000000000000000000e+00
6.782169342041015625e-01 0.000000000000000000e+00
5.628577470779418945e-01 0.000000000000000000e+00
7.141778469085693359e-01 0.000000000000000000e+00
8.722007274627685547e-01 0.000000000000000000e+00
6.309275627136230469e-01 0.000000000000000000e+00
6.887286901473999023e-01 1.000000000000000000e+00
5.637438297271728516e-01 0.000000000000000000e+00
6.383969187736511230e-01 0.000000000000000000e+00
6.999099850654602051e-01 0.000000000000000000e+00
8.708692193031311035e-01 0.000000000000000000e+00
8.661011457443237305e-01 0.000000000000000000e+00
7.630831003189086914e-01 1.000000000000000000e+00
6.472163796424865723e-01 0.000000000000000000e+00
6.137752532958984375e-01 0.000000000000000000e+00
6.195176839828491211e-01 0.000000000000000000e+00
5.819220542907714844e-01 0.000000000000000000e+00
7.439303398132324219e-01 1.000000000000000000e+00
7.824887633323669434e-01 0.000000000000000000e+00
6.568623185157775879e-01 0.000000000000000000e+00
6.932656168937683105e-01 0.000000000000000000e+00
5.693095922470092773e-01 0.000000000000000000e+00
6.989847421646118164e-01 0.000000000000000000e+00
6.903641223907470703e-01 0.000000000000000000e+00
6.632355451583862305e-01 0.000000000000000000e+00
7.916126251220703125e-01 1.000000000000000000e+00
6.958794593811035156e-01 1.000000000000000000e+00
7.017459869384765625e-01 0.000000000000000000e+00
5.760466456413269043e-01 0.000000000000000000e+00
5.333030819892883301e-01 0.000000000000000000e+00
8.860762119293212891e-01 0.000000000000000000e+00
7.492796182632446289e-01 1.000000000000000000e+00
5.409926772117614746e-01 0.000000000000000000e+00
7.297719120979309082e-01 0.000000000000000000e+00
6.959030032157897949e-01 0.000000000000000000e+00
8.276511430740356445e-01 1.000000000000000000e+00
9.459423422813415527e-01 0.000000000000000000e+00
7.902261018753051758e-01 0.000000000000000000e+00
6.257352828979492188e-01 0.000000000000000000e+00
6.145564913749694824e-01 0.000000000000000000e+00
5.939282774925231934e-01 0.000000000000000000e+00
5.232788920402526855e-01 0.000000000000000000e+00
6.370308399200439453e-01 0.000000000000000000e+00
6.374317407608032227e-01 0.000000000000000000e+00
5.802679061889648438e-01 0.000000000000000000e+00
8.314066529273986816e-01 0.000000000000000000e+00
6.269798278808593750e-01 1.000000000000000000e+00
6.924543976783752441e-01 0.000000000000000000e+00
9.712899923324584961e-01 0.000000000000000000e+00
6.570593118667602539e-01 1.000000000000000000e+00
7.131443619728088379e-01 0.000000000000000000e+00
4.995566010475158691e-01 0.000000000000000000e+00
6.914212107658386230e-01 1.000000000000000000e+00
5.811692476272583008e-01 0.000000000000000000e+00
6.224144697189331055e-01 0.000000000000000000e+00
6.159714460372924805e-01 0.000000000000000000e+00
6.899384260177612305e-01 0.000000000000000000e+00
6.544786691665649414e-01 0.000000000000000000e+00
5.323103070259094238e-01 0.000000000000000000e+00
6.893362998962402344e-01 0.000000000000000000e+00
5.101976394653320312e-01 0.000000000000000000e+00
7.565270662307739258e-01 0.000000000000000000e+00
9.827420115470886230e-01 1.000000000000000000e+00
7.810879349708557129e-01 1.000000000000000000e+00
8.381631374359130859e-01 0.000000000000000000e+00
5.877093076705932617e-01 0.000000000000000000e+00
6.353203654289245605e-01 0.000000000000000000e+00
8.779706358909606934e-01 1.000000000000000000e+00
7.187858819961547852e-01 0.000000000000000000e+00
9.504916071891784668e-01 1.000000000000000000e+00
6.244541406631469727e-01 0.000000000000000000e+00
7.123178243637084961e-01 0.000000000000000000e+00
8.648263216018676758e-01 1.000000000000000000e+00
7.858098745346069336e-01 0.000000000000000000e+00
7.087571620941162109e-01 0.000000000000000000e+00
5.325332880020141602e-01 0.000000000000000000e+00
5.518114566802978516e-01 0.000000000000000000e+00
6.291357874870300293e-01 0.000000000000000000e+00
7.453657388687133789e-01 0.000000000000000000e+00
7.157580256462097168e-01 0.000000000000000000e+00
7.195283770561218262e-01 0.000000000000000000e+00
6.690438985824584961e-01 0.000000000000000000e+00
6.623536348342895508e-01 0.000000000000000000e+00
6.729490756988525391e-01 0.000000000000000000e+00
7.578220367431640625e-01 0.000000000000000000e+00
9.301234483718872070e-01 1.000000000000000000e+00
5.579210519790649414e-01 0.000000000000000000e+00
6.341434717178344727e-01 0.000000000000000000e+00
8.382679224014282227e-01 0.000000000000000000e+00
7.339105606079101562e-01 0.000000000000000000e+00
5.812015533447265625e-01 0.000000000000000000e+00
6.749401092529296875e-01 0.000000000000000000e+00
6.883219480514526367e-01 0.000000000000000000e+00
5.448682308197021484e-01 0.000000000000000000e+00
6.364384293556213379e-01 0.000000000000000000e+00
5.288527011871337891e-01 0.000000000000000000e+00
7.221037149429321289e-01 0.000000000000000000e+00
5.742462873458862305e-01 0.000000000000000000e+00
6.819349527359008789e-01 0.000000000000000000e+00
7.295713424682617188e-01 0.000000000000000000e+00
8.564348220825195312e-01 0.000000000000000000e+00
6.907575130462646484e-01 0.000000000000000000e+00
6.534789204597473145e-01 0.000000000000000000e+00
5.824594497680664062e-01 0.000000000000000000e+00
7.072291374206542969e-01 0.000000000000000000e+00
6.654255390167236328e-01 0.000000000000000000e+00
8.658898472785949707e-01 0.000000000000000000e+00
6.229454874992370605e-01 0.000000000000000000e+00
7.615313529968261719e-01 0.000000000000000000e+00
5.920019149780273438e-01 0.000000000000000000e+00
6.567440629005432129e-01 0.000000000000000000e+00
6.478694677352905273e-01 0.000000000000000000e+00
6.892191171646118164e-01 1.000000000000000000e+00
7.536058425903320312e-01 0.000000000000000000e+00
6.367287635803222656e-01 0.000000000000000000e+00
5.589647293090820312e-01 0.000000000000000000e+00
9.831498265266418457e-01 1.000000000000000000e+00
6.835112571716308594e-01 0.000000000000000000e+00
6.846737265586853027e-01 1.000000000000000000e+00
7.604267597198486328e-01 0.000000000000000000e+00
8.802003264427185059e-01 1.000000000000000000e+00
6.138315200805664062e-01 0.000000000000000000e+00
7.768241167068481445e-01 0.000000000000000000e+00
5.660823583602905273e-01 0.000000000000000000e+00
8.423279523849487305e-01 1.000000000000000000e+00
6.348691582679748535e-01 0.000000000000000000e+00
8.795129060745239258e-01 1.000000000000000000e+00
5.992180109024047852e-01 1.000000000000000000e+00
9.015060663223266602e-01 0.000000000000000000e+00
7.191593050956726074e-01 1.000000000000000000e+00
8.963741660118103027e-01 1.000000000000000000e+00
6.517800092697143555e-01 1.000000000000000000e+00
6.227195262908935547e-01 0.000000000000000000e+00
5.897135734558105469e-01 0.000000000000000000e+00
6.169115304946899414e-01 0.000000000000000000e+00
